#NDIM
2
#PRIM
1.0 0.0
0.0 1.0
#SUPER
{nx} 0
0 {ny}
#ORB
s0 0.0d0  0.0d0  0.0d0 #0
s1 0.25d0 0.0d0  0.0d0 #1
s2 0.5d0  0.0d0  0.0d0 #2
s3 0.75d0 0.0d0  0.0d0 #3
s4 0.0d0  0.25d0 0.0d0 #4
s5 0.0d0  0.5d0  0.0d0 #5
s6 0.0d0  0.75d0 0.0d0 #6
#HAMILT 
0 1  0.25  0.0 0.0 {t} {t} 0.0
0 3 -0.25  0.0 0.0 {t} {t} 0.0
1 2  0.25  0.0 0.0 {t} {t} 0.0
2 3  0.25  0.0 0.0 {t} {t} 0.0
0 4  0.0   0.25 0.0 {t} {t} 0.0
0 6  0.0  -0.25 0.0 {t} {t} 0.0
4 5  0.0   0.25 0.0 {t} {t} 0.0
5 6  0.0   0.25 0.0 {t} {t} 0.0
0 0 0.0 0.0 0.0 0.0 0.0 {u}
1 1 0.0 0.0 0.0 0.0 0.0 {u}
2 2 0.0 0.0 0.0 0.0 0.0 {u}
3 3 0.0 0.0 0.0 0.0 0.0 {u}
4 4 0.0 0.0 0.0 0.0 0.0 {u}
5 5 0.0 0.0 0.0 0.0 0.0 {u}
6 6 0.0 0.0 0.0 0.0 0.0 {u}
#SYMM
d  0.0d0 0.0d0 0.0d0 1.0d0 0.0d0 0.0d0
d  0.0d0 0.0d0 0.0d0 0.0d0 1.0d0 0.0d0
c4 0.0d0 0.0d0 0.0d0 0.0d0 0.0d0 1.0d0
#PHASE
1 0
0 1
s0 0.0  0.0  0.0   1.0
s1 0.25 0.0  0.0  -1.0
s2 0.5  0.0  0.0   1.0
s3 0.75 0.0  0.0  -1.0
s4 0.0  0.25 0.0  -1.0
s5 0.0  0.5  0.0   1.0
s6 0.0  0.75 0.0  -1.0
#BONDS   
0 0  0.0  0.0  0.0  # 1
1 1  0.0  0.0  0.0  # 2
2 2  0.0  0.0  0.0  # 3
3 3  0.0  0.0  0.0  # 4
4 4  0.0  0.0  0.0  # 5
5 5  0.0  0.0  0.0  # 6
6 6  0.0  0.0  0.0  # 7
#PAIR    
            1    2    3    4    5    6    7
s-wave     1.0  1.0  1.0  1.0  1.0  1.0  1.0
#END