#NDIM
3
#PRIM
1.0 0.0 0.0
0.0 1.0 0.0
0.0 0.0 1.0
#SUPER
{nx} 0 0
0 {ny} 0
0 0 {nz}
#ORB
s0  0.0d0  0.0d0  0.0d0
#HAMILT         tup  tdn   U
0 0 1.0 0.0 0.0 {t} {t} 0.0
0 0 0.0 1.0 0.0 {t} {t} 0.0
0 0 0.0 0.0 1.0 {t} {t} 0.0
0 0 0.0 0.0 0.0 0.0 0.0 {u}
#SYMM
c3 0.0 0.0 0.0  1.0  1.0  1.0
s6 0.0 0.0 0.0 -1.0  1.0  1.0
c2 0.0 0.0 0.0  0.0  1.0  1.0
c4 0.0 0.0 0.0  1.0  0.0  0.0
i  0.0 0.0 0.0
s4 0.0 0.0 0.0  0.0  0.0  1.0
s6 0.0 0.0 0.0 -1.0  1.0  1.0
d  0.0 0.0 0.0  1.0  0.0  0.0
d  0.0 0.0 0.0  1.0  1.0  0.0
#PHASE
1 1 0
1 0 1
0 1 1
s0 0.0 0.0 0.0 1.0
s0 1.0 1.0 1.0 -1.0
#BONDS   
0 0  0.0  0.0  0.0 # 1
#PAIR     
           1
s-wave    1.0
#END
