#NDIM
2 
#PRIM
1.5  0.866025404 0.0
1.5 -0.866025404 0.0
0.0  0.0         1.0
#SUPER
{nx} 0 
0 {ny}
#ORB
s0  0.0 0.0  0.0
s0  1.0 0.0  0.0
#HAMILT                        tup  tdn   U
0 1  1.0  0.0         0.0     {t}  {t}  0.0 
0 1 -0.5  0.866025404 0.0     {t}  {t}  0.0
0 1 -0.5 -0.866025404 0.0     {t}  {t}  0.0
0 0  0.0  0.0         0.0     0.0  0.0  {u}
1 1  0.0  0.0         0.0     0.0  0.0  {u}
#SYMM
c6  1.0  0.0  0.0  0.0  0.0  1.0
d   0.0  0.0  0.0  0.0  1.0  0.0 
#PHASE
1 0
0 1
s0  0.0 0.0  0.0 1.0
s0  1.0 0.0  0.0 -1.0
#BONDS   
0 0  0.0  0.0    0.0  # 1
1 1  0.0  0.0    0.0  # 2
#PAIR    
            1    2   
s-wave     1.0  1.0
#END
