#This template describes model that can be found in
# S. Miyahara et al, J J.Phys.SocJpn. 74, 1918(2005)
#figure 3b. With dispersion relation figure 2c
#NDIM
2
#PRIM
1.0 1.0
-1.0 1.0
#SUPER
{nx} 0
0 {ny}
#ORB
s0 0.0d0 0.0d0 0.0d0 #0
s1 0.5d0 0.0d0 0.0d0 #1
s2 1.0d0 0.5d0 0.0d0 #2
s3 1.5d0 0.0d0 0.0d0 #3
s4 1.0d0 -0.5d0 0.0d0 #4
#HAMILT 
0 1 0.5 0.0 0.0 {t} {t} 0.0
0 3 -0.5 0.0 0.0 {t} {t} 0.0
0 2 0.0 -0.5 0.0 {t} {t} 0.0
0 4 0.0 0.5 0.0 {t} {t} 0.0
1 2 0.5 0.5 0.0 {t} {t} 0.0
1 4 0.5 -0.5 0.0 {t} {t} 0.0
2 3 0.5 -0.5 0.0 {t} {t} 0.0
3 4 -0.5 -0.5 0.0 {t} {t} 0.0
0 0 0.0 0.0 0.0 0.0 0.0 {u}
1 1 0.0 0.0 0.0 0.0 0.0 {u}
2 2 0.0 0.0 0.0 0.0 0.0 {u}
3 3 0.0 0.0 0.0 0.0 0.0 {u}
4 4 0.0 0.0 0.0 0.0 0.0 {u}
#SYMM
d  0.0d0 0.0d0 0.0d0 1.0d0 0.0d0 0.0d0
d  0.0d0 0.0d0 0.0d0 0.0d0 1.0d0 0.0d0
c4 0.0d0 0.0d0 0.0d0 0.0d0 0.0d0 1.0d0
#PHASE
2 0
0 2
s0 0.0 0.0 0.0  -1.0
s0 2.0 0.0 0.0  -1.0
s0 1.0 1.0 0.0  1.0
s0 1.0 -1.0 0.0  1.0
s1 0.5 0.0 0.0  1.0
s1 2.5 0.0 0.0  1.0
s1 1.5 1.0 0.0  -1.0
s1 1.5 -1.0 0.0  -1.0
s2 1.0 0.5 0.0  -1.0
s2 3.0 0.5 0.0  -1.0
s2 2.0 -0.5 0.0  1.0
s2 2.0 1.5 0.0  1.0
s3 1.5 0.0 0.0  1.0
s3 3.5 0.0 0.0  1.0
s3 2.5 -1.0 0.0  -1.0
s3 2.5 1.0 0.0  -1.0
s4 1.0 -0.5 0.0  -1.0
s4 2.0 0.5 0.0  1.0
s4 3.0 -0.5 0.0  -1.0
s4 2.0 -1.5 0.0  1.0
#BONDS
0 0  0.0  0.0  0.0  # 1
1 1  0.0  0.0  0.0  # 2
2 2  0.0  0.0  0.0  # 3
3 3  0.0  0.0  0.0  # 4
4 4  0.0  0.0  0.0  # 5
#PAIR
            1    2    3   4   5
s-wave     1.0  1.0  1.0 1.0 1.0
#END
