#NDIM
2 
#PRIM
2.0 1.0
-1.0 2.0
#SUPER
{nx} 0 
0 {ny}
#ORB
s0  0.0d0  0.0d0  0.0d0 
s1  1.0d0  0.0d0  0.0d0 
s2  0.0d0  -1.0d0  0.0d0 
s3  1.0d0  -1.0d0  0.0d0 
#HAMILT          tup  tdn   U
0 1 1.0 0.0 0.0  {t}  {t}  0.0 
0 2 0.0 -1.0 0.0  {t}  {t}  0.0
0 3 0.0 1.0 0.0  {tp}  {tp}  0.0
1 2 1.0 0.0 0.0  {tp}  {tp}  0.0
1 3 0.0 -1.0 0.0  {t}  {t}  0.0
2 3 1.0 0.0 0.0  {t}  {t}  0.0
0 0 0.0 0.0 0.0  0.0  0.0  {u}
1 1 0.0 0.0 0.0  0.0  0.0  {u}
2 2 0.0 0.0 0.0  0.0  0.0  {u}
3 3 0.0 0.0 0.0  0.0  0.0  {u}
#SYMM
c4 1.0d0 1.0d0 0.0d0 1.0d0 1.0d0 1.d0
#PHASE
1 0
0 1
s0 0.0 0.0 0.0  1.0
s3 1.0 -1.0 0.0  1.0
s2 2.0 0.0 0.0  1.0
s4 3.0 1.0 0.0  1.0
s0 2.0 1.0 0.0  -1.0
s1 1.0 0.0 0.0  -1.0
s2 0.0 -1.0 0.0  -1.0
s4 3.0 0.0 0.0  -1.0
#BONDS   
0 0  0.0  0.0  0.0 # 1
1 1  0.0  0.0  0.0 # 2
2 2  0.0  0.0  0.0 # 3
3 3  0.0  0.0  0.0 # 4
#PAIR     
           1     2     3    4 
s-wave    1.0   1.0   1.0  1.0

#END
