#NDIM
2 
#PRIM
1.0 0.0 0.0
0.0 1.0 0.0
0.0 0.0 1.0
#SUPER
{nx} 0 
0 {ny}
#ORB
s0  0.0d0  0.0d0  0.0d0 
#HAMILT          tup  tdn   U
0 0 1.0 0.0 0.0  {t}  {t}  0.0 
0 0 0.0 1.0 0.0  {tp}  {tp}  0.0
0 0 0.0 0.0 0.0  0.0  0.0  {u}
#SYMM
d  0.0d0 0.0d0 0.0d0 1.0d0 0.0d0 0.d0
d  0.0d0 0.0d0 0.0d0 0.0d0 1.0d0 0.d0
c2 0.0d0 0.0d0 0.0d0 0.0d0 0.0d0 1.d0
#PHASE
 1 1
-1 1
s0 0.0 0.0 0.0  1.0
s0 0.0 1.0 0.0 -1.0
#BONDS   
0 0  0.0  0.0  0.0 # 1
0 0  1.0  0.0  0.0 # 2 -2
0 0  1.0  1.0  0.0 # 3 -3
0 0  0.0  1.0  0.0 # 4 -4
0 0 -1.0  1.0  0.0 # 5 -5
#PAIR     
           1     2    -2    3    -3     4     -4     5    -5
s-wave    1.0   0.0   0.0  0.0   0.0   0.0    0.0   0.0   0.0
s*-wave   0.0   1.0   1.0  0.0   0.0   1.0    1.0   0.0   0.0
s**-wave  0.0   0.0   0.0  1.0   1.0   0.0    0.0   1.0   1.0
d-wave    0.0   1.0   1.0  0.0   0.0  -1.0   -1.0   0.0   0.0
d*-wave   0.0   0.0   0.0  1.0   1.0   0.0    0.0  -1.0  -1.0
#END
