#NDIM
2 
#PRIM
1.0 0.0          0.0  
0.5 0.8660254038 0.0  
0.0 0.0          1.0
#SUPER
{nx} 0
0 {ny}
#ORB
s0  0.0d0  0.0d0  0.0d0 
#HAMILT                         tup  tdn   U
0 0    1.0  0.0           0.0   {t}  {t}  0.0  
0 0    0.5  0.8660254038  0.0   {t}  {t}  0.0  
0 0   -0.5  0.8660254038  0.0   {t}  {t}  0.0  
0 0    0.0  0.0           0.0   0.0  0.0  {u}
#SYMM
c6 0.0  0.0  0.0  0.0  0.0  1.0
d  0.0  0.0  0.0  0.0  1.0  0.0
#BONDS   
0 0  0.0  0.0           0.0 # 1
0 0  1.0  0.0           0.0 # 2 -2
0 0  0.5  0.8660254038  0.0 # 3 -3
0 0  -0.5  0.8660254038  0.0 # 4 -4
#PAIR     
           1     2    -2    3    -3     4     -4
s-wave    1.0   0.0   0.0  0.0   0.0   0.0    0.0
#END    

